2
343043
44100
2
17264
44100
2
50745
44100
~
0.0414
1.8645
13.0146
4.8849
10.2375
10.5315
6.7923
14.7759
5.5899
4.5609
9.1815
7.6473
6.7713
10.1166
10.7874
13.548
5.9724
9.2376
19.434
10.2042
1.8357
5.8392
7.8966
1.434
7.8594
1.2873
19.0797
18.7206
14.4405
12.7494
16.5705
11.0211
6.0138
10.2144
10.9794
19.545
6.4584
2.0685
17.7153
8.6721
12.7128
4.0482
5.4828
3.3132
4.8564
9.657
11.721
5.2749
3.588
2.4441
6.8481
2.7255
13.2858
14.8944
14.3688
11.2398
14.1975
11.8356
7.2693
14.4903
8.3013
6.2217
2.8431
18.4737
10.2651
5.9736
17.7822
9.3126
7.0728
3.633
5.5602
3.7035
4.6281
5.7582
9.8748
6.9018
9.2919
13.3134
6.1635
19.6824
24.0429
18.0417
14.5149
6.0429
20.37
16.2486
5.2635
6.8751
3.4407
16.2381
5.763
2.562
2.8875
3.9849
8.6166
0.6021
1.7523
3.1656
4.2861
3.0306
3.9051
10.5261
5.9553
11.5884
8.0769
8.8161
8.5179
11.9505
11.1639
3.978
16.2246
10.4421
9.249
15.1842
4.7712
3.4566
10.4001
6.246
3.1827
14.2293
9.0774
5.9787
7.3863
1.3224
4.9143
16.9902
5.1108
9.3738
10.4334
14.6448
4.539
8.5923
10.7574
19.3086
16.6188
6.3369
8.3805
8.6682
5.5992
8.8386
4.5309
15.5163
13.1391
5.1288
4.3092
5.5863
3.1173
3.5553
3.8157
2.5077
3.8637
0.3975
9.0735
10.7559
7.4172
16.0689
5.3601
20.6085
26.2836
7.6935
8.6226
12.4116
8.7858
8.1237
8.5107
2.2116
3.9285
1.8867
8.5014
8.5737
2.8215
5.1957
6.9363
0.9273
6.7503
19.8876
14.3988
17.4939
19.0815
12.2358
5.1942
6.6807
3.6981
14.3829
8.2509
15.0798
11.5785
15.9165
9.8592
5.2089
7.6083
16.7544
10.7838
13.2765
4.6818
14.6703
7.2039
2.439
14.9643
13.8417
16.6854
24.5904
11.4477
5.9202
7.6044
13.6254
8.6412
7.0083
4.0872
8.6214
12.5031
10.2483
12.9711
11.8905
11.5356
0.3075
2.5752
2.6271
2.4129
1.6662
2.1858
2.7093
11.0175
1.7415
16.9596
18.7032
8.2839
16.5561
6.0591
2.7405
13.7367
5.0808
11.9538
9.4332
4.0689
2.4096
12.0621
6.8658
10.9038
4.431
3.0903
4.2711
12.1647
4.746
12.378
12.0498
8.8722
22.3182
17.9634
5.8887
15.3738
12.4035
15.9489
13.6647
11.1
9.5688
8.574
19.764
3.5028
14.0493
15.7923
1.7385
2.8254
2.9985
2.8791
4.5279
3.6651
2.1822
9.4557
3.5289
17.3421
17.0841
14.883
21.9657
23.874
19.4082
22.9401
15.8961
20.2359
4.8651
0.5265
8.6127
3.1077
4.0299
1.947
3.9465
2.7309
2.0046
0.7824
4.6542
2.0811
5.1306
1.4532
14.8746
12.2622
5.9259
9.5235
9.7686
12.7908
8.2896
25.2927
6.075
8.5467
19.3833
19.2657
4.1562
3.4062
6.7839
3.9093
4.1109
3.6834
11.7213
11.2671
5.0043
29.6373
37.71
11.7969
79.8978
32.4516
23.8239
32.8941
28.3905
40.602
68.0322
26.3841
15.3558
45.1767
13.6374
12.771
59.5923
25.7571
29.2215
18.7836
31.0023
27.5904
11.9841
13.1784
22.4751
15.9819
31.6338
28.2018
17.3697
6.0498
23.4579
13.2717
11.694
4.3671
27.8412
30.7605
2.9064
20.5062
15.2133
41.1015
34.5822
5.5128
27.7674
24.5046
6.2199
51.948
62.7699
14.4579
5.1858
4.2411
22.5708
16.1577
25.7061
29.4924
15.867
42.5037
57.9198
16.755
18.8205
22.575
24.2196
19.3272
9.6075
18.021
21.4935
12.5208
5.6391
19.8678
38.9673
11.6673
9.6975
16.9482
4.2132
49.0848
8.0388
15.8199
7.2327
13.0773
18.5289
11.1483
28.1466
11.7111
4.3032
46.9008
15.894
2.3184
14.718
13.4838
23.2197
32.7888
13.3323
7.8111
13.8417
4.986
7.0098
27.5922
4.7277
10.4781
15.0243
2.685
5.2878
20.0757
29.2932
6.4857
4.7886
18.3126
14.4198
23.3931
2.2692
9.954
28.5891
15.8034
27.3222
6.1314
5.6265
2.1651
26.1468
33.3366
1.0668
27.5052
3.5481
3.1257
6.8613
4.041
24.5559
16.7589
25.4967
3.0174
7.5405
16.4196
7.8546
6.5394
18.375
18.8193
4.3911
22.5711
9.8724
11.7825
4.1817
5.4033
10.3689
8.8599
13.0038
4.3365
30.1731
11.7081
4.4517
15.3966
19.6746
3.7578
3.7872
22.0632
2.181
18.5025
2.7345
3.324
8.3259
10.026
7.1364
7.6476
13.5336
15.4092
9.6717
30.4098
7.2768
1.8822
1.8825
0.8832
17.5959
2.988
6.8097
23.4882
12.7035
14.2515
3.471
5.7495
5.8959
16.3629
13.4619
3.5688
3.4368
7.266
23.1624
3.372
6.3984
3.7173
5.8992
6.3195
12.6948
0.7617
14.3205
14.3505
16.6677
12.5664
3.9864
10.9185
5.9199
9.9471
12.6663
3.5175
12.7641
6.7782
17.3487
3.1152
10.8435
6.3684
3.7005
4.4136
0.9885
9.6987
7.371
4.686
6.2982
4.7895
11.742
5.1639
4.0824
1.0035
2.8464
8.3676
2.8731
9.4668
17.1216
11.1369
4.3266
6.249
3.9393
4.095
7.3842
8.7021
4.3704
1.9437
0.396
9.1197
1.5147
5.5449
10.0266
3.3747
19.2492
9.3507
3.8898
7.2369
14.3697
11.97
8.6931
5.9862
3.4062
3.5946
8.58
1.6047
6.8223
6.903
1.0599
16.5258
2.5149
2.79
7.9767
14.3922
3.6171
6.4875
4.5651
1.9557
14.4099
7.2756
1.4907
6.0822
2.7909
1.3497
0.8229
5.2917
17.7894
0.9993
10.8579
12.0261
12.4599
9.1512
6.4119
3.219
0.4038
7.5258
13.8972
1.4271
0.7011
11.0691
5.3976
3.567
5.3364
11.856
3.9612
6.6447
9.2913
14.5911
10.1178
9.0534
3.7251
6.1314
6.6471
5.7291
0.6924
7.0449
5.316
0.1923
4.7922
4.4385
14.5359
6.4797
0.6099
12.345
9.435
3.4173
6.6642
3.4731
2.9727
1.9041
2.8269
0.8271
9.0186
4.365
4.9212
5.2896
5.4483
12.1716
1.3581
0.0297
9.3087
5.466
11.2356
~
0.042
1.8654
13.0149
4.8837
10.2387
10.5303
6.7917
14.7774
5.5899
4.5615
9.1806
7.6488
6.7713
10.1175
10.7856
13.5498
5.9739
9.2367
19.4343
10.2036
1.8354
5.8392
7.8993
1.4352
7.8585
1.2882
19.0797
18.7206
14.4405
12.7485
16.5711
11.0202
6.0147
10.2144
10.9788
19.5444
6.459
2.0691
17.7165
8.6712
12.7119
4.0497
5.4828
3.3147
4.8567
9.657
11.7228
5.2755
3.588
2.445
6.8478
2.7267
13.2846
14.8947
14.3673
11.2392
14.1969
11.8347
7.2702
14.4915
8.3016
6.2226
2.8434
18.4737
10.2669
5.9733
17.7828
9.3132
7.0719
3.6336
5.5596
3.7032
4.6281
5.7591
9.8748
6.9009
9.2913
13.3134
6.1641
19.6827
24.0432
18.0414
14.5134
6.0411
20.3688
16.2486
5.2638
6.8748
3.4398
16.2381
5.7627
2.5632
2.8866
3.984
8.6163
0.6018
1.7514
3.165
4.2873
3.0303
3.9066
10.5255
5.955
11.5872
8.0781
8.8128
8.517
11.9523
11.1633
3.9771
16.2255
10.4409
9.2502
15.183
4.7712
3.4578
10.4004
6.2463
3.1827
14.229
9.0768
5.9799
7.3866
1.3215
4.9146
16.9905
5.1105
9.3735
10.434
14.6451
4.5375
8.592
10.7571
19.3071
16.6188
6.336
8.3811
8.6688
5.5977
8.8395
4.5285
15.5157
13.1391
5.1294
4.3104
5.5869
3.117
3.5556
3.8157
2.5059
3.8628
0.3972
9.0732
10.7541
7.4175
16.0677
5.3601
20.6103
26.2839
7.6938
8.6238
12.4122
8.7849
8.124
8.5104
2.2119
3.9291
1.8873
8.5011
8.5737
2.8224
5.1966
6.9366
0.9276
6.7509
19.8873
14.3967
17.4945
19.0818
12.2358
5.1933
6.6798
3.6981
14.3817
8.2497
15.0801
11.5791
15.915
9.8592
5.2083
7.6083
16.755
10.7847
13.2774
4.683
14.6691
7.2045
2.4387
14.964
13.842
16.686
24.591
11.4474
5.9211
7.6044
13.6236
8.6424
7.0092
4.0848
8.6214
12.5013
10.2468
12.9696
11.8899
11.5356
0.3075
2.5764
2.6253
2.412
1.6671
2.1864
2.7102
11.0178
1.7412
16.9602
18.7014
8.2839
16.5564
6.0585
2.7408
13.7364
5.0805
11.9544
9.4341
4.068
2.4087
12.0624
6.8631
10.9038
4.431
3.0921
4.2717
12.1644
4.7466
12.3783
12.0495
8.8719
22.3176
17.9631
5.8881
15.3741
12.402
15.9483
13.6647
11.1009
9.5679
8.5743
19.7631
3.5031
14.0484
15.7917
1.7379
2.8263
2.9988
2.8785
4.5297
3.666
2.1834
9.4569
3.5277
17.3424
17.0841
14.8827
21.9654
23.874
19.4082
22.9419
15.8961
20.2344
4.8666
0.5262
8.6121
3.1074
4.0305
1.947
3.9459
2.7303
2.0034
0.7806
4.6527
2.0805
5.1303
1.4541
14.8743
12.2619
6.1164
9.7368
10.1616
13.5108
8.7408
26.3826
6.0165
8.7288
19.6674
19.4586
4.2408
3.4593
6.7542
3.936
4.0587
3.7899
12.2442
11.5308
6.6366
26.8089
34.557
9.8985
28.0989
5.4591
19.6032
23.7855
4.6002
7.9668
10.1991
9.9321
11.4687
22.8483
52.1097
32.9103
10.305
34.4355
9.2985
11.5707
18.1524
8.031
17.214
34.1775
23.9193
24.372
16.9926
11.3973
35.4393
3.7383
4.3062
21.309
10.9173
10.1958
16.812
17.8635
7.3842
2.1018
9.4149
20.5131
12.1416
10.7133
18.2505
16.2942
4.9338
7.5435
10.962
0.7983
3.0411
11.3946
4.386
12.7704
4.2858
12.5133
9.5382
3.8805
25.1967
11.8494
1.6224
1.8195
7.0341
5.1186
6.3009
3.2505
0.6489
2.8089
3.2541
13.1823
10.5951
1.0044
2.7822
0.8793
1.8534
20.0571
3.5019
1.4766
10.467
1.626
12.0963
7.473
11.3649
4.1805
2.0286
17.5848
2.1129
4.7169
13.7211
10.7961
5.4168
15.117
2.0145
5.6577
2.5134
2.1483
2.0262
3.5868
2.913
3.7032
4.1772
7.3404
0.9489
8.0481
7.0881
4.356
2.202
2.7264
6.4026
5.9298
2.5887
6.4503
13.4064
5.8332
21.225
3.1293
11.9145
1.9161
9.6264
15.6219
3.7734
13.4556
0.3558
5.7012
6.5946
1.2747
1.728
5.82
6.8427
4.5459
0.8997
9.5433
8.4324
6.4941
10.5132
10.8513
5.7471
9.5409
0.9345
9.3999
0.3051
2.361
7.8519
4.578
5.0568
0.8112
11.7153
1.4565
7.7769
8.9454
6.8613
5.0607
1.4817
2.1753
5.3241
8.8944
0.7104
2.6697
4.7961
1.053
8.4579
6.0225
7.0725
11.9298
5.8011
13.683
3.6567
4.305
0.7497
1.5726
5.9871
0.8472
5.6211
11.8737
8.0127
6.5508
2.0118
1.0872
5.9652
9.5748
1.671
5.4651
6.2901
2.2113
7.449
1.6668
3.3393
4.5321
1.3998
9.4878
8.8965
1.4553
7.0125
7.2639
5.7924
6.8838
4.9128
3.6171
1.3974
2.4894
5.4573
3.6219
2.7306
0.4815
8.9295
1.4619
11.5233
6.6519
0.7485
5.1693
4.2507
3.6651
7.4937
2.0091
7.4637
2.4297
8.0229
3.9069
2.5257
2.1357
1.9266
4.0224
1.4949
3.5598
10.5816
4.5825
1.3587
3.1461
2.0175
2.3559
1.9092
7.9689
2.0724
2.1123
4.7568
7.0461
5.3586
5.6562
1.6527
2.9958
7.7889
7.3512
0.6174
2.8371
8.8404
0.771
4.2573
2.3424
1.7127
0.9096
7.9812
1.6683
1.6641
0.9738
0.9621
8.0847
3.0882
2.3613
6.4044
7.8678
5.661
4.482
0.6588
3.8616
5.7372
3.7737
1.4436
5.6076
3.546
2.8122
1.0746
3.4011
9.2172
1.0299
2.3829
6.933
7.0806
6.3051
3.3966
0.5682
3.1362
2.7999
7.5372
2.9706
3.6912
6.0435
5.0031
0.6843
3.7131
6.9933
0.8331
1.2597
6.5352
5.0736
7.1283
5.5677
1.7544
4.9326
0.4524
2.6694
0.8361
4.4835
3.3957
1.5906
3.0651
2.0598
5.652
3.4242
1.6407
6.1527
5.0877
1.7898
3.3021
2.7459
3.57
0.7269
0.6027
1.7373
5.5122
1.3554
3.6516
2.6709
1.8474
4.4922
0.2652
2.4486
5.3631
1.9629
6.3276
~
0.1725
0.1194
0.2235
0.2334
0.2535
0.2409
0.0807
0.2349
0.2199
0.1143
0.0894
0.1812
0.1377
0.2199
0.5262
0.2787
0.1119
0.2331
0.2382
0.8106
3.7668
0.3174
0.2772
3.6801
1.3041
0.8163
3.6759
2.8569
1.5627
1.3884
0.4314
0.9129
1.5336
1.0632
0.66
1.1496
2.6922
0.87
6.6549
2.9046
1.5786
2.4279
1.3818
2.4432
6.0564
4.5726
0.2769
5.9628
6.5625
3.348
1.704
0.5499
3.4464
1.6563
1.1817
4.323
3.6408
1.6176
1.6161
1.9086
2.7747
6.072
2.3124
3.5847
4.9437
5.0265
4.2864
2.8959
4.2738
2.475
4.1646
3.5823
6.6141
11.6397
9.3504
8.328
7.4964
3.3777
0.5547
1.2639
2.391
7.7931
12.2235
8.8722
8.5902
8.121
6.5085
3.7293
5.5761
2.8473
6.3801
1.7295
6.1041
13.8852
13.6335
10.0995
8.8221
4.0875
0.3507
0.2811
0.4287
7.4994
9.0072
8.4078
7.4271
5.6529
2.6727
3.0159
7.6149
3.5961
3.2289
3.8151
8.835
2.7126
1.785
6.2403
6.6774
3.7569
2.019
0.2865
0.5088
2.6355
5.706
1.6467
1.5633
5.2437
1.8363
3.3117
1.7862
2.9679
8.6361
2.7765
8.4234
5.3934
3.9132
2.7441
4.3554
1.4442
2.3754
1.3113
3.8751
2.247
9.5367
2.6808
2.0463
3.4242
2.2914
3.5898
3.0696
7.473
8.6382
1.9095
12.4185
4.6356
8.8038
7.7103
3.8985
4.1325
0.2196
1.3974
0.1923
0.4923
7.5048
5.4
0.8754
0.8646
0.2871
4.8384
9.2253
9.7035
1.0995
11.9865
7.1778
6.6912
10.2651
7.185
1.4721
4.923
1.3407
0.7368
1.9845
0.252
3.1773
2.5923
3.2691
2.6346
2.1783
1.8609
1.2768
8.0319
5.6835
6.3765
8.1255
3.4527
3.3291
4.0191
2.5503
0.7509
0.9333
1.2888
1.7607
1.3644
2.4636
4.8795
2.1702
1.059
1.9629
2.3034
0.5553
11.3238
6.3936
6.2634
3.7908
2.0652
9.3423
5.0736
1.2495
0.171
1.4448
1.8546
2.1906
1.2177
3.3219
4.7337
1.6251
2.4486
0.6807
5.4012
9.3756
8.3361
5.3538
10.1805
8.8362
4.9743
7.0002
2.8044
1.6545
0.8529
2.9274
0.5694
2.3391
0.2427
4.9911
2.3277
2.1192
1.221
1.0422
3.4212
5.9739
8.6283
1.2153
7.0491
3.7794
7.5537
5.385
4.0344
0.6831
2.0814
2.0313
0.3096
1.3455
0.6858
4.5084
0.7317
4.6398
1.0128
1.4196
0.7797
5.6523
8.8755
1.8408
5.5125
4.197
1.8822
6.1419
5.1483
0.5865
0.4587
0.8853
0.7662
0.2856
0.537
1.0119
1.2642
1.9848
2.8956
2.697
4.2954
10.542
4.2828
3.0987
5.436
3.3315
4.2591
3.3963
1.8486
0.4134
1.5642
1.2924
0.3441
0.6114
0.9024
0.6435
0.4134
0.3552
0.7938
0.6975
4.6827
9.57
3.2235
3.7251
6.8391
4.9968
1.3581
2.3211
3.336
0.6531
1.6566
0.2037
0.492
0.1971
1.2837
1.8876
0.8112
1.233
2.7612
0.6183
1.2228
8.5728
8.5404
1.8444
7.2153
3.0972
2.001
1.9389
1.89
0.8724
1.3581
1.9938
2.7423
0.9762
0.4002
1.5918
0.786
1.0188
1.1157
1.0878
5.928
8.9808
4.7676
4.3053
7.1148
2.1069
3.1809
2.328
1.5243
0.585
0.4173
0.1635
0.4071
0.8481
0.2268
1.4736
1.0296
2.952
2.1288
1.8789
4.9044
5.6256
0.8574
6.1416
2.4363
6.5838
1.3095
0.8523
0.4254
0.7851
2.118
1.7058
1.692
0.9033
1.8585
1.9155
0.9495
2.5653
0.4467
1.509
4.3251
6.9558
3.8772
5.0916
2.493
1.701
1.5621
0.1908
0.3687
1.3299
0.6381
0.5553
0.3564
0.5709
2.0451
1.3554
0.5523
4.6659
3.603
0.5631
7.6476
6.237
1.4835
4.6179
0.5295
0.8934
1.0917
1.2012
1.4142
1.5558
0.8613
0.4698
1.695
0.6402
2.0349
2.1963
2.7168
3.8925
0.9213
4.1007
7.0269
3.5622
1.7769
2.184
1.089
5.4339
1.8447
1.8897
1.3356
0.2589
0.9198
0.5097
1.8333
0.3384
2.6787
1.2783
1.2828
2.3574
0.5478
0.6216
6.6528
2.3457
4.6593
2.4426
1.4709
2.3337
0.582
2.4807
1.11
1.9383
2.043
0.2706
1.4391
1.9602
1.9698
2.2191
3.0615
2.9415
0.4041
3.1119
5.7609
0.5628
2.2485
0.7071
1.1454
5.0907
2.4891
2.9418
3.0726
0.8415
0.8724
0.909
0.7203
0.915
1.8345
2.1123
0.867
0.1653
0.6306
2.016
3.1077
2.0337
3.2175
0.3582
2.2044
1.1559
1.9482
2.9412
2.3067
1.7793
3.6975
1.2108
0.9783
3.5136
2.0394
2.358
3.1782
2.5725
1.524
5.4513
3.5565
4.0392
1.9962
2.6994
1.0689
0.8139
0.5064
1.9062
3.9816
1.6347
1.5483
1.809
0.2517
0.2058
1.0263
5.1996
3.7761
0.5571
4.377
3.9981
0.7446
2.595
1.1808
0.9405
6.2541
3.3165
3.5541
5.0211
4.071
0.651
0.2484
1.974
0.8775
0.7332
1.5432
2.0808
0.2034
2.706
0.5514
1.4304
0.6102
1.5666
1.0623
2.4828
4.3908
0.6321
1.7166
2.0046
4.1151
3.0993
2.4894
0.6474
3.8214
4.5486
1.6566
0.6342
0.6822
1.3491
3.0384
2.8941
1.9656
1.8567
0.8079
1.7886
2.5737
1.1598
2.0886
0.5826
0.2094
1.3542
1.7808
1.938
0.9834
1.8993
1.758
1.1037
0.2301
0.9795
3.1548
2.1711
0.7413
1.2939
1.1541
7.0419
3.615
1.7784
2.4093
3.5304
3.0993
2.6031
0.8265
0.675
4.2084
0.6459
0.126
0.7065
0.2259
2.3058
0.9846
0.3912
0.5406
0.7908
3.4008
3.4038
1.5513
0.2868
0.3411
0.3909
4.4379
6.2367
2.7936
0.4503
4.7607
5.9721
2.5713
1.1499
4.4022
3.2124
2.3484
1.8867
3.5745
1.2639
2.5674
1.8492
1.2531
1.9263
1.2807
0.4656
0.3453
0.7449
3.5901
3.6393
0.579
~
0.6321
0.1524
0.5625
0.4935
0.8073
0.4077
1.137
4.5939
14.4321
5.8002
3.9096
1.3791
2.9088
3.1509
0.8604
3.8202
0.1497
2.5644
1.3083
0.9453
2.5893
0.3153
0.6396
1.5057
1.6215
0.8634
1.3458
0.2688
0.6252
22.0143
2.5071
2.3193
1.8591
1.9452
2.4099
2.304
0.7023
0.6111
8.2095
8.4651
3.381
1.6095
7.2567
10.5489
10.4532
8.6676
2.2434
6.9855
8.8506
1.719
23.535
10.4907
9.5709
4.9107
2.208
5.5632
8.13
6.6102
2.8152
1.374
5.1717
8.8119
11.184
8.3697
7.7568
7.3566
9.2625
1.0785
2.2155
0.9123
5.8575
6.2196
12.3999
19.8426
19.4091
14.823
12.3612
12.7572
7.4985
4.5474
1.2675
10.0074
21.366
24.8259
24.927
21.8895
17.3319
13.5303
10.0485
4.5654
1.3053
6.1311
8.6139
15.6825
25.5273
20.2014
19.6254
20.5278
16.5063
7.4781
1.3923
7.9299
13.8675
18.0036
20.2854
18.6006
12.8391
9.1416
11.3196
8.5551
6.1239
12.9399
5.1378
1.0995
13.4646
15.4212
12.2136
14.3433
12.5472
1.5489
0.7524
2.1633
4.1592
1.1412
2.6895
6.7137
6.3339
4.2816
3.6426
6.2799
8.7327
21.1161
5.3757
5.0649
5.4984
4.4763
2.0931
5.8734
12.4338
6.4593
3.9156
1.4775
8.8611
7.2135
7.0833
8.4105
4.8366
3.6429
4.8453
6.8166
9.0402
10.5159
6.6735
4.3041
17.5902
16.338
10.473
14.0193
13.2666
5.6829
0.6282
2.6616
7.9284
9.3513
8.2302
9.2949
11.8428
14.5719
15.1683
13.206
5.6094
3.6615
4.8816
2.0937
13.7019
16.5267
7.8222
12.8637
15.525
10.2438
3.1683
1.2762
2.5671
5.538
9.8295
10.0272
11.9172
8.2749
6.5898
10.767
7.6143
0.5847
7.9296
7.6029
3.9273
11.0025
6.9297
6.9759
12.3717
9.3081
1.0569
1.0482
2.0724
5.2668
5.0202
2.61
1.617
3.1962
5.0925
11.5929
8.5224
1.4538
12.5955
3.0075
4.2246
11.5119
4.7328
3.5217
6.9522
7.7277
1.4763
1.3032
2.8974
3.3972
3.9315
3.2223
6.5742
10.3158
12.8664
10.5651
1.1613
1.7307
7.8948
1.8618
4.5588
10.2027
4.3518
6.0186
12.795
11.9781
4.0266
0.5538
4.3629
2.1318
4.437
3.5766
4.7724
9.2175
12.1122
12.6135
5.4807
0.7806
3.06
8.4795
2.5965
10.0281
4.2339
8.5566
11.3868
9.2835
4.8297
2.6514
3.5937
0.8865
4.5558
4.6965
4.725
5.9673
11.4339
10.8111
3.0516
0.3351
1.1277
2.8461
4.8804
6.7653
4.3326
5.2989
8.6232
7.5393
3.7569
2.4294
1.8915
0.7803
2.7432
1.8567
2.316
6.5394
12.3036
7.6941
1.9464
0.5325
5.0133
0.5406
0.8244
4.5954
4.5453
8.0802
10.7952
7.5672
6.0555
3.5439
0.6027
0.2064
1.3986
0.4293
1.8459
8.8599
12.7659
10.8501
1.2276
1.8333
6.6738
2.2455
0.6621
2.3022
2.3349
3.783
7.1568
9.4788
6.1488
1.8312
3.9207
7.1595
3.2748
3.3201
2.1138
3.6978
9.915
12.12
4.8384
0.4908
3.9963
2.9121
2.7054
0.7047
7.1466
5.8575
7.0071
7.9626
8.0973
5.0826
2.5323
0.4512
1.0767
1.2888
1.7502
6.1755
12.927
9.7371
7.0785
3.2901
4.7406
0.6753
0.5946
2.6028
2.6109
3.6135
4.4382
8.7945
8.2092
3.2334
0.6258
5.7759
5.8755
1.3923
1.8135
7.2105
7.0413
5.6745
1.6014
4.4295
7.6698
1.2663
1.4082
3.6321
2.1759
9.1536
9.309
6.4155
6.7002
6.9738
4.2546
0.5382
0.5469
0.5625
0.726
3.3813
10.4997
7.7433
9.8988
2.3562
5.4171
3.4935
2.1474
0.4245
0.2955
1.0383
2.4192
6.9828
7.8987
5.004
0.2445
6.3105
9.1551
3.8223
0.7176
6.0453
5.9424
3.7194
3.7902
6.5697
4.0635
1.3023
2.3427
4.6197
1.5768
6.4767
7.8888
6.3642
6.6942
7.4868
5.2458
1.7418
1.4901
1.2888
2.4993
5.238
7.3299
4.6764
9.6132
3.7515
1.3593
3.0711
3.6198
1.9011
1.1688
1.3386
2.0886
4.9632
7.3446
6.7923
1.515
5.7435
7.8687
1.9953
0.8694
5.6685
2.2692
0.8766
3.6186
6.9603
4.3521
2.7687
3.8805
3.9873
1.1001
5.6049
4.2459
5.8089
6.9111
7.4085
5.4756
3.2586
2.6649
0.6933
2.3607
2.7177
0.7638
2.3424
2.0922
3.5724
1.6818
2.5317
3.9072
3.5982
0.9117
0.5025
1.3782
2.541
4.5504
7.0317
5.8974
0.7068
1.2234
4.677
0.6
1.62
0.8169
1.3776
3.2121
2.5767
3.9135
7.0374
6.006
2.8728
1.2702
2.4318
1.7187
4.7187
10.0635
8.7576
6.9756
5.0415
2.9232
0.7053
4.5318
3.6564
0.9735
1.0794
3.2502
3.7803
4.4265
10.1319
3.99
3.1188
1.317
1.71
3.8904
3.8238
5.5386
4.9548
6.786
4.7448
0.9417
1.0104
3.0174
1.7211
1.9047
1.2915
0.5415
1.3473
2.4864
5.0211
6.2895
6.105
1.6683
0.918
1.9137
2.1852
5.4021
3.1227
6.6969
0.5061
2.6523
1.8072
2.8449
1.386
1.3083
1.6617
0.9714
0.5544
0.6372
1.7994
2.3892
1.0272
3.6195
4.2351
1.854
6.2274
7.1376
3.7503
3.0735
2.3697
1.0224
5.1969
4.2618
0.9444
1.0953
1.7112
1.1955
3.3237
2.1354
4.014
3.0876
1.1808
0.8349
1.4913
3.207
4.548
1.9584
6.3918
2.7093
3.6609
2.1687
1.9899
4.6719
2.343
5.4597
1.9932
4.0917
1.6218
2.6892
2.9568
5.13
6.8505
1.9338
0.7875
5.1897
5.9487
3.2904
3.1617
4.7097
6.4884
1.26
2.4147
1.3869
1.7673
0.8079
1.9428
0.4989
8.6964
2.4681
0.6273
3.519
5.4732
5.2365
2.2464
6.2319
2.781
9.9657
6.6102
0.8142
0.7317
1.7181
3.6255
5.8566
4.4925
2.6577
1.4913
0.441
2.9067
1.239
10.6155
3.6252
3.1005
1.0143
1.509
1.8414
5.1048
~
0.0249
0.0711
0.0615
0.0279
0.0933
0.021
0.3084
0.8073
0.7614
3.1029
6.6963
2.6505
9.8166
5.0232
5.9265
1.7727
2.3574
1.9914
7.95
0.192
6.3063
6.5382
4.3578
17.6976
0.6663
5.6307
1.8126
2.5698
5.7351
2.5644
12.243
0.8373
4.0683
0.429
11.1648
8.5071
3.1368
4.8465
10.6329
9.6846
7.3566
4.5999
5.4576
11.1435
6.8331
2.4831
4.6671
9.8895
3.5871
5.5608
7.4085
6.4095
12.5034
5.5638
2.0193
6.9105
5.6685
3.5541
11.4636
0.7767
11.1747
6.681
0.6825
4.0791
5.1516
1.7307
7.7307
5.0583
7.365
11.4393
6.1071
3.8943
10.0356
2.5092
2.4348
10.305
2.7159
12.0174
8.1465
1.9794
8.763
8.6298
5.1048
8.7594
2.7786
8.3661
9.5835
4.9338
3.5862
9.4728
0.4785
0.9327
7.7478
4.104
11.4996
7.6785
0.7671
9.8439
11.2296
3.9345
7.7358
0.5751
11.0661
9.8358
3.1578
5.7729
8.6343
5.0076
3.3993
11.6367
5.0505
3.8541
18.7533
13.8306
25.239
9.9054
4.4697
1.725
9.3153
5.3871
2.3022
6.9555
5.9214
6.3111
10.6155
7.9326
4.2363
9.3627
15.2391
7.2654
6.0075
15.7977
4.8642
12.063
12.6471
6.9879
0.8769
2.7867
8.8815
5.1129
5.1687
5.9997
2.979
1.5843
5.262
3.2214
6.3522
8.2041
3.2538
7.1223
5.775
27.9975
7.9731
6.4299
6.9618
14.2083
8.9775
6.8979
7.9467
20.7588
12.0261
9.3852
9.987
2.9682
6.6267
7.6146
5.9247
17.8446
7.9344
5.2575
6.0258
13.3377
9.6462
3.9597
13.8789
16.077
10.2549
1.4376
5.0067
13.2789
19.7487
7.4457
4.4442
8.019
0.615
13.9986
7.1382
17.5491
3.5802
20.664
4.1148
5.1999
7.9308
8.6238
14.751
7.8249
12.2037
5.877
9.6354
3.0483
11.4441
10.1931
16.1073
18.924
4.887
10.2045
2.6286
11.7972
3.9414
5.8533
9.5985
8.8044
9.0897
7.7676
11.7747
12.9063
18.3423
3.7407
14.3913
5.0313
2.1474
5.0673
20.265
11.1867
13.8441
18.3882
9.7872
9.0786
5.4342
16.9632
1.9068
26.0973
5.4111
6.5946
3.294
11.0616
7.2267
9.0111
17.3985
2.3973
21.2544
3.984
3.5544
6.2088
15.1047
7.6116
11.208
13.0152
3.3945
10.0563
4.9584
21.9096
0.8271
9.6987
6.9981
2.799
3.1857
6.6987
11.1198
17.8107
2.3313
2.0094
4.7106
7.2495
8.6505
5.7228
6.0852
15.039
9.7833
2.7138
5.2275
14.796
3.9459
15.0069
17.1459
11.5242
1.1055
5.2602
2.9643
4.0608
20.4003
2.9463
22.332
2.604
3.7335
8.3019
19.5375
5.9559
17.8641
18.8082
2.805
10.8927
2.7723
21.4566
1.974
21.9108
2.6289
10.1145
9.5592
6.4026
4.7181
5.4054
23.454
9.9906
6.2769
4.5804
6.3396
6.7728
9.03
4.6644
11.1507
7.2792
9.2373
3.7389
9.8028
3.9459
3.2004
8.4252
18.7755
7.8918
3.0849
11.5803
11.3604
5.2596
4.1247
3.6195
11.1672
7.737
3.9186
1.0314
2.9541
15.804
5.5545
8.8341
4.0074
6.249
3.8769
23.1456
2.4714
12.5502
13.7316
7.6131
2.1408
8.6166
7.9575
4.5426
19.1931
6.6651
1.5396
6.8703
8.3361
4.6749
4.3131
20.2626
9.9759
1.9356
2.4996
3.822
4.0581
21.7467
8.3598
9.576
18.3225
1.7037
7.9974
5.6217
12.2583
1.2492
9.8397
8.5182
8.7675
7.9791
7.11
6.8817
1.4367
3.7281
14.4384
3.6936
3.4074
8.8446
3.1152
6.309
6.6672
8.6925
6.2001
13.3698
9.4488
13.9431
29.226
3.0516
2.2542
8.8809
5.8032
1.8936
23.514
34.7511
8.82
3.0531
7.5243
5.4021
1.1799
6.1149
3.5073
7.4658
1.68
6.2574
21.8817
16.7409
18.3165
30.7473
10.2387
11.1903
12.8943
11.0736
1.0566
12.3603
10.8549
18.4959
4.9269
17.2239
3.6486
12.393
16.0647
15.9672
12.7071
5.2899
10.1163
5.8266
8.9286
23.5734
5.3919
7.1679
7.0356
21.3888
10.8867
5.3337
12.3615
10.1202
4.4463
18.042
5.0973
9.9774
12.1407
14.1726
5.0415
16.1784
13.2285
6.3372
24.0681
9.9591
5.3046
18.0231
23.1894
1.7688
23.6976
8.4588
2.5644
3.3171
17.8746
11.6139
5.7528
11.4381
8.8533
1.4748
23.8395
2.8098
7.6098
19.5765
7.8774
2.3532
8.9721
18.4542
5.1519
12.7647
17.7645
3.6357
16.3272
21.8127
7.9473
13.6416
14.04
4.4625
1.6989
24.2844
5.7024
13.812
13.2582
9.6438
2.0028
24.486
7.4922
19.3131
10.0644
1.7304
2.6541
10.6827
28.1646
10.0599
9.9858
25.7916
1.5522
8.3421
19.9842
2.8944
18.3258
13.3329
7.4487
8.5785
19.2921
11.0529
11.2557
13.3092
13.3467
8.385
21.9468
5.1684
25.2837
11.3148
12.0711
3.1791
14.2686
25.0053
5.8443
7.5507
14.6859
2.5518
19.9308
18.5112
7.3788
21.7167
7.4628
2.8593
9.1944
19.6398
4.7751
15.5196
12.6435
8.2632
8.409
11.7813
6.8769
15.948
10.446
4.8852
2.4675
13.7235
13.6968
1.8465
12.87
6.0273
9.0798
19.1445
4.7112
8.7585
10.6146
7.6881
0.6822
12.7527
11.0799
3.4971
1.2951
15.903
8.484
7.2501
17.4858
1.9506
7.9986
14.9433
4.3239
7.8579
16.5966
10.6032
2.6436
11.4906
4.1142
5.8026
16.9827
8.898
11.157
12.2697
2.8692
3.4071
8.3463
13.1103
2.2974
8.3592
13.4553
7.2066
5.2485
13.5243
3.9111
5.8389
8.5545
1.6698
8.478
12.0411
10.7592
2.1033
6.8466
15.4854
1.3164
12.1272
5.5596
14.4726
9.6792
4.8123
2.7174
12.6132
14.5452
2.6625
2.2227
11.5485
8.3439
5.4219
10.0026
1.5342
7.1112
4.3953
1.7763
3.1776
9.6627
6.6927
5.5044
7.7523
10.3104
3.0282
15.5337
6.3063
11.2365
12.3624
6.8574
1.3659
13.263
16.9854
1.5063
1.932
14.3211
7.7409
7.488
11.2176
~
0.0285
0.0504
0.0741
0.1038
0.0414
0.0501
0.6711
0.5301
0.5406
2.5461
4.8372
1.323
9.9855
3.1947
5.2737
1.1289
0.2361
2.6892
2.0241
1.9554
1.5198
3.4056
2.3529
2.5563
2.5575
1.4766
0.3573
1.4175
5.0529
12.5022
5.5266
4.074
1.6332
3.5085
1.3092
6.1413
1.2393
5.9874
11.4657
3.3573
1.1541
0.3723
9.8658
10.6806
10.0704
3.5184
13.5627
3.4095
9.2112
5.2182
1.2561
14.4873
17.8863
11.9562
8.0712
14.1756
5.9625
13.6959
9.7767
2.0964
13.0224
16.6206
2.9493
14.097
2.229
9.0609
10.3638
2.3721
7.8855
11.7498
9.3087
8.4756
9.3708
2.3835
7.7805
7.395
6.0087
11.6169
14.0313
3.2625
15.4974
0.9735
12.1905
7.7991
1.0572
11.6586
15.4893
5.157
13.041
1.2246
7.2921
9.1365
4.0221
8.0649
14.1918
13.3998
4.6515
12.1653
1.1688
11.0508
6.6582
3.7701
14.5767
15.7389
3.3252
13.512
0.9252
7.5414
3.5664
5.0262
12.6177
0.5844
14.9769
9.2175
26.5476
5.1594
11.8689
2.8653
15.3285
1.0425
13.782
2.8962
4.5144
5.8038
14.0082
7.9803
5.1672
6.1968
4.9473
3.2397
1.5321
11.7042
9.1788
9.4941
10.4907
1.7826
8.6262
0.7644
3.9048
3.1842
5.7018
9.6573
7.5891
7.7685
1.1151
5.9604
10.7823
4.9803
4.8846
5.9514
3.6588
35.1714
4.7253
13.6611
8.9838
13.0125
19.9884
21.5454
28.5576
23.8713
13.4349
49.6326
34.8435
16.6593
4.3185
21.9852
13.9992
2.3142
32.9331
19.0284
3.9027
14.9733
10.7622
16.3056
4.0353
10.9671
24.1044
19.8663
33.9552
34.9716
4.1856
3.4635
6.2598
12.1167
21.678
33.6129
8.5863
16.0674
19.8876
38.1339
3.5766
1.7661
36.0531
18.4425
17.7393
3.6003
14.8509
26.5512
3.4638
10.7715
3.1875
2.5593
17.1177
33.1344
8.2992
10.728
20.8224
7.2045
15.0369
4.9023
26.5821
18.1053
13.7286
7.1766
16.3209
6.5688
13.4484
5.9577
24.1971
6.4092
46.1019
6.5814
11.3865
13.5591
5.5608
10.6728
2.259
5.0418
3.7551
9.588
2.9355
6.906
2.8575
9.7404
8.1399
10.9089
8.3895
24.4428
2.8002
7.1712
15.4887
35.1921
2.6427
26.0073
15.9657
5.3559
6.7068
18.357
18.7458
23.7321
31.2309
8.0538
19.5993
7.896
34.7751
5.8623
6.4815
5.0412
29.7828
5.0634
4.2009
17.3562
23.3817
4.8315
10.7814
8.7975
10.755
5.7273
14.5077
1.8771
3.0582
24.9183
18.0309
30.4257
6.5796
13.3386
18.5904
2.6694
13.5279
16.7673
6.0726
5.1582
27.3777
16.8237
7.3473
3.2745
13.8312
13.4343
12.0669
6.3132
32.622
5.5014
32.2749
17.8842
11.1279
24.2091
14.0835
12.6522
11.4198
11.6823
17.28
9.3174
3.7989
2.31
15.4947
24.4038
3.7908
18.1644
5.4231
14.0598
17.8185
24.9288
17.1735
9.5583
43.6347
1.6947
9.8025
9.6543
14.0838
10.3419
21.5601
5.4249
23.3925
5.3583
27.0504
6.3987
5.2254
7.4043
18.2307
13.7994
25.1496
24.8802
0.8919
23.8092
5.9325
8.58
5.7417
7.3383
11.1057
9.7029
2.5149
15.8331
5.4762
26.3568
11.7402
14.7789
16.7121
6.426
26.6388
28.608
6.4371
14.8329
17.3787
3.8268
4.6473
7.7592
13.821
1.9401
3.2745
6.5934
16.0689
12.1053
20.7639
13.2192
4.002
24.7251
12.6699
10.5444
5.7723
1.8768
5.6085
19.7439
11.3154
2.8308
5.5536
9.0204
7.656
5.7954
10.1976
10.9089
10.5639
7.7442
2.1219
7.6377
15.705
23.8863
7.9878
18.8328
22.3884
13.2666
14.9811
10.5198
18.4536
21.2904
1.9017
4.1988
10.6344
2.2371
2.1858
13.1112
3.0015
25.7457
16.7976
1.3674
7.6563
9.1248
20.2176
7.9671
14.8425
12.5259
4.7958
8.5656
22.1496
5.5614
24.8367
4.2798
11.9061
2.2875
22.776
7.9227
15.5301
7.1745
9.4776
10.3893
16.2702
6.0525
3.7785
10.2405
12.2991
5.8668
6.5364
1.9218
21.7632
4.188
4.9179
5.3892
10.3374
17.6871
3.9744
2.5704
10.9719
17.1084
1.6581
5.022
4.3389
1.4118
0.7191
5.2635
6.1296
2.6562
3.3783
10.2294
3.1869
8.22
9.738
7.4001
5.535
24.8679
8.0943
3.3711
3.8556
10.9221
1.8297
2.9541
8.5686
8.9175
14.1756
7.3917
3.2109
10.4901
13.599
2.2395
1.4145
1.9236
20.1054
7.9503
3.525
2.7576
6.9747
6.2046
6.1197
5.7348
1.6461
1.6641
8.8572
3.5241
1.6677
1.6275
5.4138
14.4381
5.547
5.9049
25.5396
2.0124
19.5732
2.9214
4.2759
9.381
13.968
3.8898
5.3253
12.8928
4.068
5.2164
1.4856
12.1722
5.6787
15.8688
2.5377
2.2959
2.6925
2.9853
5.0097
2.3787
9.2784
2.2512
16.8579
17.0139
0.858
2.6277
12.7764
3.5043
2.0646
5.727
6.3528
1.9938
15.1908
5.9835
2.9373
13.0803
12.5511
6.6645
14.1675
6.5757
0.5676
13.8162
14.9697
4.461
2.8533
19.7616
5.7153
9.0663
15.2433
1.9653
17.8785
15.9783
2.001
1.1502
2.8284
6.6846
1.9794
1.7139
3.5244
16.4004
5.5725
5.3964
2.7666
10.2741
15.4356
3.5583
6.9
2.6718
1.9881
5.9706
21.1215
5.5026
17.1474
15.8358
10.6716
13.3614
5.1465
19.4796
16.2606
7.0377
3.8859
9.9189
14.4168
10.533
15.3249
15.4041
10.509
11.1858
18.8703
4.9188
2.8581
13.8651
7.0452
8.0085
13.7523
3.2193
2.5062
17.997
9.129
5.0934
12.9315
9.2034
7.2078
7.425
3.5298
4.5027
2.208
16.1772
4.0506
6.0267
18.5319
7.4148
1.1355
16.0086
12.3894
1.8612
19.3983
0.9738
9.7515
7.7703
15.3555
1.5693
8.2581
18.9012
1.7517
9.897
18.2073
2.8035
2.1708
8.2896
1.4622
3.8631
14.7771
7.9872
8.1669
18.8073
3.9954
8.4177
15.8931
7.7922
4.5489
4.2507
3.2634
2.3322
2.0382
11.7
