2
343043
44100
2
17264
44100
2
50745
44100
2
50745
44100
~
0.0695
8.0935
17.108
12.1855
5.6475
21.863
14.8365
9.319
29.173
32.4145
11.5575
10.186
5.196
16.444
9.9555
28.284
27.6855
7.245
16.1985
2.933
9.087
13.098
10.0235
21.851
13.696
14.8465
30.345
10.1295
10.0245
32.0765
13.857
23.3995
10.528
0.685
5.7565
21.1875
15.0475
3.847
6.9385
18.5405
14.064
5.3345
5.9775
16.703
5.059
26.093
33.7785
18.0945
23.7685
23.661
27.539
32.074
31.7745
37.9935
9.8135
22.4125
17.108
10.9115
38.0285
6.309
2.7665
14.709
6.036
7.7135
16.9305
8.1785
2.9
13.491
6.6345
37.7485
40.0735
32.692
32.2375
26.0645
22.305
6.41
30.615
5.7355
20.543
12.474
6.653
5.8625
4.238
4.957
2.92
3.7545
6.4485
11.081
2.2765
28.649
21.4665
13.464
19.742
32.334
39.22
6.137
16.3785
12.3105
15.4165
8.577
23.0655
8.2035
11.008
16.7705
6.2295
15.13
11.0425
1.0615
0.793
11.946
5.6395
14.671
17.3895
33.3335
14.2305
8.918
23.4415
13.0735
2.734
13.968
16.5105
24.3665
11.2345
12.0475
18.6885
2.2015
7.182
7.503
1.052
1.5085
3.683
8.67
2.696
15.1235
9.6495
29.3825
48.8395
11.7725
16.7285
47.3215
14.3715
17.459
7.216
20.727
5.1855
6.7205
23.242
14.1685
2.355
10.8465
2.75
2.13
1.647
7.707
23.998
18.4745
33.652
18.4085
15.178
22.3895
9.829
13.7505
17.5385
17.9335
28.704
14.194
9.3995
13.2835
17.9735
28.506
1.7325
15.8835
13.6835
28.0885
17.119
27.809
12.092
16.0535
20.58
35.648
9.146
17.058
6.812
18.3765
5.496
15.4155
18.2375
9.9385
19.5305
4.292
5.465
4.0835
5.4825
0.9425
2.801
11.211
28.2665
7.0445
6.284
19.912
20.5555
9.1495
16.5335
19.9215
16.53
2.9925
7.944
13.3355
10.047
12.2145
5.152
11.727
8.6685
9.212
3.423
13.1105
10.414
29.9395
16.945
40.405
23.4825
27.3315
14.717
16.4725
14.29
12.709
17.784
26.622
3.501
15.4715
3.87
4.797
7.06
8.9815
8.568
21.9525
16.125
23.748
24.8045
22.642
30.8805
32.5765
22.575
23.4525
16.954
0.8775
14.1315
10.81
9.4235
9.473
0.8465
5.1865
1.305
3.6895
2.917
3.359
19.2275
2.9525
14.534
15.8725
30.2455
32.418
25.301
10.201
45.222
13.3465
32.11
6.099
3.082
11.8055
9.476
6.207
15.4285
18.7795
30.3775
22.766
57.159
61.993
25.3905
32.4195
54.824
19.8155
10.5515
6.5005
15.2175
62.7995
25.085
21.2845
110.004
13.073
75.4755
11.9575
6.7165
76.6415
21.9625
33.6345
15.1435
52.061
39.399
71.525
53.057
22.12
20.5095
26.6545
23.5735
31.4025
28.9345
5.167
68.503
4.8865
58.629
10.2465
61.7935
8.0765
48.166
24.0965
17.16
18.9875
18.2775
49.2855
34.6965
21.009
70.8425
45.0
12.81
40.545
38.991
44.398
5.7305
30.0325
57.2705
32.697
34.0765
36.866
21.0365
48.781
28.2475
6.999
46.4815
78.3105
45.349
17.8
28.248
18.581
32.2095
40.747
17.0895
5.0785
12.1105
24.2185
22.4725
26.744
9.9335
32.5335
27.665
44.875
40.762
45.9885
32.9375
2.6955
66.2575
36.929
19.338
34.975
10.8095
9.3185
6.9365
4.935
23.7815
44.7255
63.97
26.3385
4.462
19.9635
4.197
25.739
28.2165
40.8825
45.843
41.5725
38.258
20.39
27.509
38.1735
4.74
5.03
13.8595
13.891
35.896
23.009
7.638
10.386
37.618
54.591
9.205
41.085
29.4755
12.9325
20.203
7.226
31.88
18.9485
16.2165
29.26
29.7475
16.7005
36.772
4.4485
17.8695
15.163
3.2155
3.1945
20.5835
12.745
24.1215
33.9025
20.5305
15.713
21.8295
10.538
1.4725
35.004
15.8165
29.956
38.148
22.1765
4.3005
9.5835
18.005
11.5815
2.7625
3.25
8.4085
15.7185
5.6195
39.9065
6.6295
17.6385
6.161
21.747
26.769
23.917
15.5185
5.2925
4.883
5.079
8.5025
23.4115
5.864
4.8825
7.04
3.0465
14.926
7.3265
4.646
7.3545
25.292
10.191
26.278
10.598
13.387
9.1405
8.6075
17.75
7.5255
2.8865
13.385
5.182
34.9905
18.5615
11.283
17.6165
7.475
16.633
7.4685
5.161
3.239
6.861
3.392
5.6295
5.125
21.214
21.308
15.585
8.247
7.2545
12.149
7.1485
17.1
4.5845
5.9925
3.985
19.086
9.88
27.883
3.2335
1.3985
4.6505
14.483
4.226
19.667
0.6595
25.851
15.6855
12.126
2.3745
9.7445
4.1565
2.7145
26.244
0.7815
1.6635
14.6635
11.3675
14.1955
1.3385
8.283
3.8425
12.542
12.0605
20.8325
7.199
6.8305
6.842
19.478
19.7605
22.2825
2.308
16.067
14.215
6.3965
11.6955
10.2185
19.1305
12.3935
16.286
0.8665
15.385
6.9025
7.398
24.21
6.423
6.1295
2.501
13.214
15.198
5.7895
3.2285
16.569
2.002
3.581
3.394
11.047
8.816
1.807
10.205
17.348
8.492
11.151
5.522
~
0.07
8.0905
17.1095
12.182
5.6425
21.8625
14.8355
9.3175
29.17
32.4105
11.5555
10.1875
5.193
16.4435
9.958
28.283
27.688
7.242
16.1995
2.9305
9.0885
13.0985
10.0205
21.8535
13.6945
14.8455
30.345
10.128
10.024
32.076
13.858
23.397
10.5275
0.681
5.7605
21.1875
15.046
3.847
6.9385
18.5415
14.063
5.333
5.98
16.702
5.0605
26.091
33.777
18.095
23.7705
23.662
27.538
32.0735
31.7725
37.993
9.8115
22.412
17.1095
10.9125
38.0285
6.3085
2.765
14.7115
6.0375
7.714
16.931
8.179
2.899
13.4905
6.636
37.748
40.072
32.691
32.237
26.066
22.305
6.4105
30.6155
5.734
20.5435
12.475
6.6545
5.861
4.24
4.956
2.919
3.7555
6.4485
11.0795
2.276
28.649
21.465
13.4625
19.741
32.335
39.219
6.137
16.3795
12.313
15.418
8.5765
23.066
8.2035
11.0065
16.77
6.2295
15.1295
11.0435
1.0645
0.793
11.9475
5.638
14.6695
17.39
33.334
14.232
8.9195
23.4405
13.0705
2.734
13.968
16.51
24.367
11.2335
12.047
18.69
2.199
7.182
7.507
1.0545
1.508
3.683
8.669
2.696
15.1225
9.648
29.382
48.8365
11.771
16.7285
47.32
14.37
17.459
7.212
20.725
5.186
6.721
23.244
14.1705
2.357
10.8465
2.751
2.1285
1.6455
7.705
23.995
18.4735
33.653
18.409
15.1785
22.389
9.828
13.749
17.54
17.9345
28.705
14.1955
9.4005
13.285
17.9735
28.507
1.735
15.882
13.6845
28.0885
17.1195
27.8095
12.093
16.053
20.579
35.647
9.146
17.059
6.8085
18.3775
5.497
15.4165
18.236
9.9355
19.529
4.2925
5.464
4.0825
5.48
0.9405
2.801
11.2075
28.2675
7.0435
6.284
19.909
20.555
9.1485
16.532
19.9255
16.529
2.994
7.9455
13.336
10.048
12.216
5.153
11.728
8.667
9.211
3.4225
13.1105
10.414
29.9385
16.943
40.4035
23.4845
27.3275
14.7175
16.473
14.2895
12.7075
17.7845
26.6215
3.5025
15.471
3.872
4.798
7.0625
8.983
8.5685
21.952
16.1255
23.7495
24.8045
22.6445
30.8805
32.5795
22.574
23.4535
16.9545
0.876
14.1305
10.8105
9.425
9.4725
0.847
5.1885
1.302
3.687
2.912
3.3575
19.227
2.952
14.6035
16.2275
31.4525
30.9765
26.4245
9.7885
44.551
13.114
32.431
6.2175
3.524
11.5965
9.344
6.0865
16.0355
19.2185
28.876
17.202
47.738
62.777
17.246
13.515
39.6415
70.6
20.302
27.4135
28.2935
40.233
10.125
54.8505
14.153
22.728
48.4335
39.4945
16.8035
47.5605
56.9635
28.202
18.8945
24.952
16.0665
79.8195
33.57
35.5155
15.446
22.9675
48.637
4.5625
2.0295
11.903
34.19
10.6045
25.066
16.4185
26.7
6.6695
8.245
1.3315
15.2705
8.751
12.723
26.773
10.0325
22.268
6.467
29.138
14.169
31.8745
8.2825
29.0925
15.86
5.416
11.2425
15.3525
14.646
15.291
6.4585
2.1205
1.464
7.3185
11.754
47.9685
12.617
4.8225
12.0075
12.456
19.8445
12.602
6.6
16.3975
3.822
20.8225
17.9915
7.7655
25.006
8.406
15.5005
27.135
5.6285
5.9775
4.6125
4.536
16.674
16.3515
16.9845
20.372
7.2595
2.916
3.248
13.747
17.434
22.215
19.366
9.72
7.8045
7.101
3.8995
11.075
6.36
22.5825
22.4255
18.7125
14.5935
14.706
8.663
21.071
3.7465
7.575
1.3315
15.1745
17.308
17.718
9.621
9.404
15.901
28.376
1.866
24.2205
5.6525
1.491
8.968
1.351
15.0405
11.0485
4.092
17.065
4.558
1.803
3.6255
10.892
11.707
1.5645
2.5985
1.756
8.8815
10.0385
2.8365
17.083
17.155
14.546
7.62
7.615
2.621
18.411
19.974
9.7515
14.349
10.114
5.4935
1.8115
2.0215
2.3255
3.074
1.8745
15.6305
8.968
2.777
16.9195
7.785
15.0665
1.464
9.3945
2.8455
12.1045
10.345
3.2985
5.212
6.168
1.611
10.69
6.0355
0.947
6.1895
4.3155
12.4585
7.7765
1.6605
8.6155
5.551
10.887
10.9775
3.9325
9.38
4.9685
6.511
8.669
3.804
1.715
5.382
1.141
14.7975
7.6385
1.4355
16.6505
4.889
10.713
6.0925
5.711
3.5195
7.531
4.4615
3.4995
4.7625
15.9705
10.901
12.253
1.3
0.388
7.1145
7.4385
11.723
0.703
1.517
4.7645
8.6885
6.6595
11.8095
6.285
0.6585
3.935
10.5475
5.646
13.3425
4.9725
16.0195
9.3515
6.288
1.749
7.972
4.767
2.465
15.7125
5.8105
1.718
8.381
7.9085
8.6025
0.8685
0.8115
8.024
4.6665
7.3
5.6665
8.1845
2.644
6.205
8.1705
11.656
9.7805
4.2135
4.483
8.7555
5.0875
6.4745
8.223
7.3385
6.5535
7.3815
1.838
11.396
9.9035
3.432
10.998
5.852
2.807
1.8405
4.0175
9.4905
4.576
0.272
12.0725
1.804
1.193
1.3055
8.0315
4.4495
3.626
3.4225
6.467
2.1615
8.108
1.345
~
0.288
0.256
0.3895
0.299
0.195
0.324
0.3095
0.3665
0.228
0.339
0.129
0.334
0.7125
0.5855
0.1865
0.2715
0.616
1.755
2.7685
0.2765
5.985
2.175
1.1445
7.6735
5.6685
0.9195
0.5605
0.622
2.557
0.826
0.9675
4.506
2.513
7.6505
6.3265
2.63
5.419
5.316
7.692
9.882
1.1025
6.774
10.936
4.001
1.1175
3.365
3.56
0.312
6.356
6.069
2.4555
1.8255
3.4865
9.9455
3.4245
4.6525
8.24
8.212
2.297
3.8505
6.9345
2.274
8.4195
11.023
18.48
14.7255
13.423
6.9605
0.8295
1.6445
3.9855
16.793
13.886
15.325
15.5735
12.894
5.346
9.2915
3.8495
8.728
3.032
20.6645
22.6325
15.914
14.705
6.049
1.221
0.761
3.353
16.5215
11.875
12.376
9.293
4.732
9.4975
9.788
2.7625
7.3345
14.724
8.737
5.4405
10.13
8.7955
4.143
0.2895
0.849
7.617
3.7295
0.743
10.1875
4.449
4.007
2.9775
6.3925
10.308
4.9965
22.35
14.1135
5.3725
7.2585
2.3885
1.682
6.475
4.7605
11.931
6.5245
3.411
3.505
5.5525
3.332
11.493
15.2415
1.8525
20.697
5.2
13.877
13.451
5.6035
1.4355
1.626
0.3205
1.3755
14.2565
5.246
1.077
0.295
6.2805
15.375
13.6115
6.356
17.747
15.748
14.461
12.185
2.455
8.31
1.413
3.869
2.838
3.6525
5.178
5.4495
5.396
1.4085
3.194
6.057
12.4865
7.264
13.5415
8.6755
10.0
4.806
1.6655
3.764
2.0255
2.934
1.6985
7.4125
4.054
0.832
2.7255
3.158
0.927
20.2865
4.3155
18.2815
2.411
15.4855
9.9725
2.0825
0.4375
3.63
3.051
0.8155
5.1095
5.524
2.7065
4.907
1.5485
11.751
17.022
2.971
17.4675
14.727
11.037
12.4875
1.0715
0.4975
4.191
0.565
3.899
0.833
5.163
5.783
2.122
2.953
3.627
9.957
13.6885
5.9285
14.3905
15.0975
6.91
7.425
1.1385
4.1625
2.0015
0.476
3.4535
5.1325
1.3195
7.733
1.8905
3.5
4.0385
14.046
6.9895
7.3495
6.9955
2.3655
9.225
5.3785
0.998
1.168
1.323
0.4765
0.5515
1.0845
2.346
0.941
5.918
4.9385
17.5685
4.509
6.6915
2.9
2.481
7.594
4.292
0.6905
3.332
1.981
3.0535
1.131
0.8235
1.171
0.592
2.05
2.689
10.7095
10.9655
2.7555
11.241
8.3275
2.9515
3.6005
3.7345
2.89
1.0
0.4145
0.331
1.094
3.556
1.035
2.498
2.4565
0.7765
14.287
11.601
6.0605
8.516
11.0745
3.607
1.9715
1.453
2.051
4.84
1.0515
1.535
1.428
1.1285
1.6975
1.8305
3.0525
12.4785
14.4995
3.662
11.9115
3.512
6.386
2.113
1.6965
1.615
0.8435
0.346
1.4145
0.333
1.719
2.4115
5.2265
0.6295
7.4475
9.378
2.75
12.2895
5.158
1.483
1.4565
0.4785
1.3075
3.067
3.004
1.2605
0.478
2.6445
2.0865
4.2755
0.923
4.5045
9.545
11.341
6.1825
7.145
2.8345
2.1625
0.2225
1.7665
0.705
0.5065
0.7405
0.9495
3.2745
1.983
3.39
7.4965
1.335
10.9175
10.395
4.1325
7.1795
5.6255
5.0825
2.05
1.9165
2.5945
0.702
0.427
3.035
1.8455
3.2755
4.5775
6.4865
1.847
8.693
10.4825
1.0945
5.2655
2.4025
9.056
1.6255
2.424
1.8195
0.7975
0.766
2.7165
0.564
4.419
1.787
2.6485
4.4095
1.535
9.3575
3.9085
8.849
1.659
0.883
2.1945
3.494
2.404
3.231
4.113
1.3155
4.291
1.0495
2.4035
4.49
4.902
0.7165
7.6685
8.8315
5.1765
3.0455
2.168
8.483
2.128
5.5625
4.671
1.6755
1.131
1.821
1.524
3.8905
3.3215
1.4155
1.0725
2.358
4.418
3.389
4.816
0.3975
7.179
2.008
4.9115
3.7835
2.965
6.1
2.9175
4.3685
5.359
3.0785
4.775
4.2895
3.1835
10.111
1.8525
7.841
5.0975
1.4295
1.354
0.556
2.3875
4.528
0.95
2.7585
0.2885
0.343
2.119
10.1195
2.539
3.273
7.78
1.897
4.3245
1.2235
4.7715
8.728
2.216
7.7055
7.4775
1.0855
1.0875
3.7255
2.4705
2.147
3.832
0.3125
4.5105
0.8195
3.2835
0.545
0.2275
0.757
7.8745
1.0505
3.031
3.5605
7.1705
5.143
3.0225
5.5485
7.581
2.332
0.354
1.8435
4.0495
6.8615
2.0305
3.0935
0.637
3.141
2.8125
2.0425
0.22
0.433
2.2585
3.8395
2.1505
0.942
2.2115
3.2485
0.9585
1.6315
6.247
2.3105
2.801
0.358
8.3825
7.383
2.9635
3.764
7.0325
4.379
2.6815
1.435
6.333
1.075
0.195
0.552
1.695
2.9505
0.7275
0.6105
1.3165
4.669
7.16
1.942
1.687
1.0695
4.9685
10.3935
3.1785
3.362
8.3185
7.15
1.2835
6.9095
5.352
3.8075
4.2985
3.87
2.6955
10.2095
3.9605
3.209
1.9935
0.9145
3.687
5.8065
9.0455
1.029
~
1.053
0.4865
0.7605
0.857
0.386
0.785
5.883
24.0525
9.4285
11.3735
7.1425
2.1015
0.6715
5.299
0.2515
4.078
1.778
2.855
0.774
1.1225
3.026
2.7025
0.9305
3.2475
1.416
6.67
10.808
4.731
3.0985
2.198
3.2975
3.683
3.571
9.99
14.745
5.6345
2.2235
13.0815
19.255
13.627
2.8255
8.031
14.75
2.26
16.165
6.972
5.788
3.2845
5.173
13.551
10.4255
4.192
6.454
16.124
18.283
13.7215
12.9275
12.963
7.675
1.6175
1.834
2.337
13.314
20.665
37.4455
29.938
20.68
18.562
16.7105
8.1215
2.113
21.4515
35.9345
41.279
37.5665
30.633
20.8315
16.7485
6.9845
17.894
12.645
29.6305
45.836
33.4925
32.711
35.0275
22.801
9.4355
2.1515
22.4705
27.766
33.811
31.6365
20.4345
17.5135
15.543
8.908
30.239
8.5625
3.2765
25.495
18.9965
22.8215
23.512
4.7055
1.2545
6.1605
4.4985
4.469
13.151
11.1795
8.978
6.0715
10.2605
13.574
14.098
10.155
7.999
8.831
3.489
12.2305
18.5475
10.242
3.5615
10.6655
13.474
11.8035
12.169
7.07
3.8595
8.811
13.681
7.518
11.1205
3.7395
31.51
25.2385
19.736
24.6665
12.2465
1.048
5.182
17.0165
13.4635
12.2055
18.6055
22.851
25.279
20.553
5.174
39.7415
13.0675
6.712
27.682
13.0375
22.5545
24.118
9.723
2.5155
2.27
8.2355
16.3825
17.8015
17.822
14.075
14.022
15.5445
2.355
13.2155
7.604
11.854
15.868
8.564
17.8815
16.503
1.7605
1.631
6.918
8.0035
6.294
3.794
4.8245
8.486
20.171
9.7725
7.105
4.5725
13.2565
21.0875
7.886
7.0615
13.3935
8.911
2.1475
5.696
3.3125
6.5525
5.3545
12.9165
20.083
20.1185
7.128
4.4675
13.158
4.8205
6.4895
11.9775
6.84
18.2685
21.4465
6.7105
1.543
4.2835
5.851
9.4695
6.0645
13.827
20.1885
19.435
4.2555
2.2095
15.429
5.108
17.3595
7.0565
15.162
18.934
11.2895
5.5855
5.522
1.6345
7.5925
7.9595
8.1705
16.7925
19.9485
8.304
0.9565
1.88
2.719
9.0395
10.386
6.92
13.6895
13.0815
6.2625
4.583
5.286
3.232
5.977
2.4845
9.2935
20.5055
11.048
1.7275
2.0525
4.5365
0.7325
5.379
7.5755
13.198
13.3345
9.0475
8.1485
2.379
0.301
2.3315
0.8535
3.5795
18.77
13.4995
2.4595
2.086
11.121
1.712
1.6865
4.759
5.4055
8.5105
14.238
10.25
2.902
13.8715
5.1185
4.285
3.3165
5.314
16.526
19.184
4.2655
0.769
7.223
2.093
1.4955
11.912
10.1515
13.025
13.6665
11.399
5.0835
1.2105
1.7935
1.0725
3.4035
16.277
21.832
16.9955
4.392
7.9005
1.0295
1.385
5.068
6.766
6.121
14.4375
13.6825
3.4515
1.178
13.0275
9.5675
4.276
10.803
11.736
9.435
1.1305
13.5345
3.1125
1.3925
6.2315
3.6275
19.254
13.154
11.038
11.774
8.8915
1.376
0.9095
1.044
0.847
9.891
17.8975
4.7845
5.9185
9.0295
6.929
2.49
0.6
0.6835
2.5425
10.2525
13.166
6.018
0.7035
11.4765
12.3365
0.7165
8.263
9.904
5.434
5.892
12.0835
0.6485
4.509
7.401
2.6275
13.629
10.262
12.208
10.819
10.875
4.0075
2.485
2.8705
5.679
8.9435
10.8355
3.451
5.0485
2.2655
5.1325
4.7355
1.6915
1.533
2.649
6.5785
12.239
9.2805
2.7275
8.781
10.562
1.59
6.682
3.7825
1.7775
8.529
9.327
3.952
5.8335
5.6955
1.833
5.2735
6.3795
8.5935
9.3415
10.1925
6.7275
4.441
1.12
5.601
3.874
0.9325
5.585
12.392
2.802
6.8075
8.02
5.089
3.3905
1.5755
2.5725
7.5845
12.5895
8.28
0.928
7.451
1.8145
1.76
1.362
2.0055
5.3275
3.47
8.6755
10.8775
5.136
2.119
3.265
8.294
13.41
15.5895
11.892
7.796
4.8715
2.4415
9.277
3.474
2.5195
5.264
6.4405
7.377
9.6375
7.235
3.274
2.0995
4.3245
5.9645
9.23
8.3515
12.552
6.106
2.609
4.409
2.5645
3.175
1.487
0.4415
3.5695
7.548
10.255
9.715
2.78
1.8415
3.987
9.433
8.401
7.206
3.0285
4.418
3.512
7.7335
0.5745
0.8035
4.117
0.9895
1.0625
4.165
1.8755
4.759
4.5225
8.0565
10.3985
11.8965
3.8775
4.2705
1.6895
7.142
9.464
1.742
1.826
2.3715
0.4865
2.15
13.677
5.486
2.801
1.3925
3.595
6.815
4.3265
4.8105
2.99
6.158
3.6155
5.776
3.0645
9.4095
7.9345
1.5215
4.175
4.483
4.4875
11.4175
7.77
7.1805
7.963
8.351
5.484
5.1825
9.8085
2.934
1.405
3.2395
3.635
1.3465
3.444
1.588
2.2145
1.8495
5.08
6.314
8.7275
5.325
2.0895
8.721
16.0955
1.502
2.5145
2.863
4.0105
2.5835
5.198
1.1065
3.8965
5.164
2.0665
13.14
3.149
3.603
5.9195
2.2995
8.214
~
0.042
0.142
0.041
0.162
0.3575
0.0875
0.4965
1.271
4.2635
11.461
12.596
5.4175
14.6675
2.9605
3.9295
6.4055
10.94
7.7015
12.4145
14.4925
27.726
1.111
9.171
1.316
8.0195
4.16
16.0115
2.267
6.7815
3.3045
20.2205
2.74
6.71
16.152
16.393
12.263
6.7515
12.6965
18.7935
5.826
3.465
17.697
5.9795
14.1185
5.3955
18.6875
13.519
6.285
9.5265
9.4475
3.732
17.155
8.274
16.783
3.4105
5.1255
8.586
4.5335
18.027
1.4565
21.2805
12.7285
4.276
16.726
0.79
7.056
9.1635
14.6985
16.6265
6.047
14.606
12.288
9.165
15.298
5.9
17.741
9.2565
5.977
15.0135
4.7995
14.386
1.2925
18.2615
13.57
1.278
16.6415
7.149
0.97
9.7695
13.639
17.733
5.264
11.9515
14.223
1.6165
3.038
8.1635
7.72
31.2555
14.793
42.9135
2.395
6.895
11.215
11.544
3.836
14.1545
2.079
13.424
14.3895
13.233
11.379
25.3985
9.6655
15.0835
16.0875
27.55
13.4075
14.915
1.462
9.104
8.213
3.1095
2.1315
7.9035
2.3085
8.7695
3.365
13.8185
10.8435
22.1655
17.313
31.408
13.289
9.8475
22.809
9.142
23.9285
4.858
36.9995
20.044
7.689
17.4855
5.61
12.974
16.916
35.11
13.2255
19.7725
11.961
27.795
14.2425
7.8805
9.0505
17.09
4.1495
35.49
16.025
2.6085
8.923
3.7095
1.0245
24.3615
2.9015
11.5635
22.666
4.701
29.466
13.217
7.4615
26.5685
25.6685
31.9095
15.2345
4.469
19.075
12.3005
9.8065
19.8575
5.5775
46.707
10.541
6.568
12.623
25.174
6.6975
27.8335
16.6045
20.4655
30.5695
11.601
34.2515
16.8295
14.406
24.7595
28.215
23.073
36.105
10.8825
6.5965
42.8035
8.0955
13.934
9.0175
5.69
23.4925
12.1175
7.855
43.74
18.279
35.4245
19.8125
7.1535
13.6305
8.716
25.871
10.65
5.657
11.9425
1.65
11.913
7.208
4.4665
3.3375
5.3095
2.755
21.595
8.854
19.719
14.7115
7.871
14.4175
20.835
3.1805
40.7565
5.28
23.9015
7.7145
6.5775
17.013
40.1205
2.9325
41.9245
5.895
18.5385
34.0
4.1315
37.4885
8.157
10.494
25.2155
6.6595
29.773
12.654
4.0555
23.827
16.1125
27.415
23.952
4.3815
13.1575
2.6395
15.0005
29.752
36.219
7.01
10.4615
16.6745
6.4225
29.038
2.4595
4.0375
13.009
15.394
8.9405
7.7655
2.314
6.1215
4.8705
7.354
5.1425
9.606
8.3905
13.1055
6.312
11.037
5.4365
6.531
1.831
4.3455
2.6815
14.7025
9.51
6.481
6.462
19.011
7.1535
13.695
16.904
6.029
7.191
13.262
12.418
27.2445
28.349
8.4035
22.2495
3.0885
7.188
29.9215
4.658
35.884
16.897
4.2945
15.1
13.934
4.0755
18.252
21.5305
21.7335
11.7295
13.169
16.4
8.205
10.4325
22.175
2.598
27.1595
13.424
24.064
2.045
4.6305
11.3005
18.673
5.97
9.614
10.3335
24.5625
22.632
7.978
4.287
6.697
4.556
9.671
4.52
15.747
47.043
28.9585
19.129
8.0315
1.9645
2.4595
2.902
15.1315
6.1615
24.255
34.2605
30.5285
44.7905
13.6765
27.148
6.895
5.664
22.5985
18.093
15.017
7.293
5.39
7.5825
19.6685
13.6155
21.18
21.764
30.5675
22.424
28.1985
20.895
24.74
11.7245
41.8885
11.5495
40.061
28.747
2.051
31.896
8.4955
13.0485
43.919
4.3565
20.7125
40.509
3.232
40.115
16.0335
6.3965
37.4455
16.6535
44.703
14.8035
4.2735
8.1655
35.5015
4.63
11.5495
12.0715
3.513
39.732
7.782
26.3195
16.3125
3.569
12.0165
36.32
8.5865
19.36
27.5535
5.757
33.646
4.2965
18.685
23.4005
1.374
7.9305
38.28
6.1325
19.5565
23.759
3.3365
35.118
14.548
36.8755
18.04
6.1735
6.1235
46.941
6.9915
22.1725
36.145
23.2995
50.09
9.8385
30.5415
13.786
9.3415
31.6165
27.583
9.2665
23.097
22.243
16.527
33.175
5.247
29.391
9.79
3.267
23.7795
33.1085
25.996
26.692
22.775
10.112
29.1175
12.2975
28.463
10.459
3.052
24.1865
20.6195
17.42
21.073
16.166
21.641
12.9025
11.9695
18.71
2.0355
4.11
30.7995
4.576
9.6535
18.9995
7.6025
10.7455
7.8535
12.9515
21.336
3.6135
15.039
18.792
9.7225
2.158
9.966
13.8655
9.918
18.121
13.2765
13.51
7.2065
6.8365
27.546
9.241
4.462
22.8575
11.461
28.305
4.3015
10.7535
8.7055
1.7855
8.8215
25.6505
3.828
13.5075
28.4225
3.6835
23.2245
6.855
22.993
14.258
3.4235
24.8515
30.648
3.4725
17.3845
24.989
2.1945
26.7975
6.4305
30.6645
10.1365
4.9435
16.8345
24.242
4.4665
18.138
18.4345
4.508
18.0835
10.717
11.8515
10.2395
17.286
31.764
27.6425
6.9345
18.9385
17.185
10.5365
28.934
3.669
22.668
16.607
1.8615
22.1035
19.827
2.524
20.9215
22.4915
5.1205
27.1845
~
0.0475
0.089
0.235
0.052
0.2005
0.155
0.2075
0.901
3.56
11.4155
11.0195
5.779
12.6305
1.229
0.392
5.3685
2.262
1.099
5.1265
3.6645
4.1355
4.2615
3.315
4.749
6.9695
12.4705
8.3805
10.312
2.7185
5.7665
7.66
6.3035
4.4505
17.867
7.1505
1.924
1.14
18.141
20.5345
8.436
19.745
10.6175
15.3535
8.2175
7.3995
26.226
26.374
1.592
28.1635
9.939
21.432
12.5835
12.5115
28.7895
12.3155
21.6015
3.7155
17.819
17.1145
6.2255
16.0085
21.5295
7.5735
15.618
6.708
11.937
3.444
16.3755
22.5305
8.314
25.8295
1.3015
20.045
7.378
13.611
24.547
12.9895
21.7335
5.968
17.326
14.5445
4.731
21.5945
26.091
7.7525
12.502
9.2905
14.2555
3.047
19.7745
27.397
5.542
22.7965
0.668
16.3665
8.1405
13.303
3.5855
24.9615
8.291
41.194
3.365
23.7725
24.586
1.7895
22.968
2.415
8.66
10.2975
29.954
5.889
15.1245
8.247
8.3175
7.6775
17.318
7.272
6.9425
7.613
14.3785
4.7105
3.1345
2.3985
2.531
21.782
18.0825
1.8585
12.777
7.0805
6.246
4.441
30.0045
39.4075
7.8745
7.634
37.564
17.457
9.876
43.752
23.0
22.392
72.3585
51.2465
7.801
38.306
13.39
25.802
54.887
46.18
21.1195
11.542
10.369
15.215
46.746
40.1755
20.159
41.633
23.7595
57.5875
30.607
32.5235
36.129
30.393
45.063
6.8335
14.014
65.365
24.9575
60.0895
31.672
7.67
67.3025
9.876
45.3965
8.6845
5.313
19.409
28.081
16.5365
4.939
17.4025
35.396
25.061
3.243
19.7215
9.7605
30.046
33.3445
10.3945
22.4125
51.0755
9.4885
16.7455
4.1975
38.031
15.5485
9.269
25.504
14.8745
8.718
22.0
23.2235
24.7745
4.7615
16.869
12.6035
20.1485
15.6645
4.8755
30.8545
25.8155
47.2195
8.0095
36.1635
29.63
38.3665
23.103
31.2425
43.435
22.7015
35.123
11.2375
57.9655
20.7975
10.804
9.521
26.1475
16.659
11.6845
38.677
57.984
17.9685
11.5905
22.4145
32.6655
54.923
11.761
36.7345
30.052
30.6295
29.054
35.561
18.764
5.766
26.5515
10.121
39.2405
10.528
12.0665
9.944
26.1965
13.2985
20.109
16.398
5.3835
23.9145
16.49
15.6095
36.7485
23.472
16.784
17.594
41.822
28.926
21.1055
25.9105
25.825
64.289
21.0605
49.864
8.1055
9.7705
46.058
28.622
16.976
30.6375
24.1435
19.5565
9.0425
8.5995
35.9325
6.333
31.0015
14.1475
7.5105
18.79
21.7965
30.384
26.161
25.6095
9.7935
11.338
8.645
15.8455
9.5695
17.2355
21.4
21.953
7.821
2.6145
36.441
19.5685
6.495
19.5915
40.68
22.4335
8.0305
8.269
28.9655
13.5555
20.539
7.076
6.1295
19.611
14.3385
26.7825
22.298
24.967
4.002
10.9725
4.5685
5.183
9.6195
9.0705
11.269
17.795
27.54
13.6895
14.017
12.761
20.334
29.6495
20.0165
6.9775
6.5375
31.8195
26.175
27.9935
17.425
17.159
7.4985
21.7475
10.3885
30.756
16.0285
21.5635
4.5065
4.442
6.7495
7.669
4.9995
20.584
23.87
23.609
3.1205
15.82
26.0035
24.7385
16.155
7.5435
38.9255
25.795
21.502
6.387
19.844
14.4925
37.1535
23.203
14.868
9.1825
23.12
27.1185
20.9025
17.8415
9.733
6.928
39.77
13.0155
36.2725
13.946
17.036
30.788
5.0555
3.216
17.3435
18.286
26.283
6.4615
4.3505
6.415
11.152
5.745
10.215
10.0695
11.86
28.3435
12.3975
5.679
26.176
9.225
26.126
3.0875
9.432
27.3235
11.685
8.456
14.2825
9.938
2.141
26.6625
16.708
13.0195
4.7305
2.3585
12.511
3.195
7.113
27.5315
25.2175
9.5955
10.2
13.3955
12.999
6.0335
7.548
15.7815
4.3275
9.024
29.38
14.1505
20.6895
20.14
16.2525
17.657
7.1275
12.146
3.8935
3.434
3.8955
2.004
13.296
2.476
22.8855
4.653
4.35
21.7825
17.7025
12.6005
8.35
11.376
15.977
8.7605
29.162
2.6315
6.141
21.294
13.7105
19.002
9.3985
9.7795
31.991
16.952
4.894
40.0235
15.8305
27.1425
35.6945
5.1895
13.5965
24.949
8.6905
19.9205
12.314
16.0425
43.6615
1.443
29.796
20.18
5.7065
21.8305
3.098
15.9635
7.3435
5.8725
14.6235
34.4655
6.599
20.8095
18.0225
11.9465
11.5005
4.4085
8.555
32.792
6.301
25.663
11.051
17.788
25.8985
22.9995
9.5
4.897
8.624
9.1835
24.026
6.3115
23.507
12.6995
18.4845
19.5595
10.774
4.7615
9.8845
3.867
8.438
28.3905
5.4995
30.793
15.2135
3.381
28.6785
12.1775
6.8605
25.8455
3.6085
3.6805
29.552
5.5115
28.072
13.531
3.634
18.3095
20.6455
6.5025
10.6915
6.673
5.1755
18.9265
7.6865
13.7645
34.381
21.835
8.2425
9.9915
4.9735
16.758
2.4365
4.0525
20.795
4.0655
27.4595
18.447
8.7575
26.489
10.3045
2.3395
22.4925
4.531
16.01
16.2955
~
0.04
0.141
0.0385
0.161
0.358
0.088
0.497
1.2715
4.263
11.4615
12.5955
5.4195
14.666
2.961
3.928
6.4055
10.9395
7.7025
12.415
14.492
27.7245
1.111
9.171
1.316
8.0185
4.1595
16.012
2.2675
6.78
3.3025
20.22
2.742
6.71
16.152
16.3935
12.2625
6.7525
12.695
18.7935
5.8255
3.465
17.6965
5.9775
14.119
5.3945
18.687
13.5195
6.2845
9.5275
9.4475
3.733
17.1555
8.2735
16.784
3.4095
5.1275
8.5855
4.534
18.0285
1.4565
21.282
12.7285
4.277
16.726
0.79
7.057
9.165
14.701
16.628
6.0495
14.6045
12.288
9.164
15.3015
5.9005
17.743
9.257
5.9775
15.0145
4.801
14.386
1.2925
18.261
13.5695
1.278
16.64
7.1475
0.9695
9.77
13.6405
17.731
5.264
11.952
14.222
1.6165
3.0375
8.162
7.72
31.2545
14.794
42.913
2.3965
6.896
11.2145
11.543
3.8355
14.1555
2.077
13.423
14.389
13.234
11.3795
25.398
9.666
15.083
16.0895
27.55
13.407
14.913
1.462
9.1045
8.2135
3.109
2.131
7.9045
2.3085
8.77
3.364
13.8185
10.845
22.1675
17.313
31.407
13.2885
9.8465
22.8085
9.142
23.9295
4.861
36.9995
20.0435
7.6875
17.4865
5.611
12.976
16.9165
35.1095
13.2245
19.7745
11.961
27.7965
14.241
7.8805
9.05
17.0915
4.1485
35.4895
16.0245
2.6115
8.923
3.71
1.025
24.3625
2.902
11.564
22.666
4.6985
29.4665
13.2185
7.462
26.5685
25.669
31.909
15.2335
4.4675
19.073
12.3
9.807
19.8575
5.5755
46.707
10.5425
6.5685
12.6205
25.1745
6.699
27.835
16.605
20.4655
30.5705
11.602
34.2505
16.8305
14.4065
24.759
28.215
23.0725
36.1055
10.8825
6.596
42.8045
8.0945
13.9325
9.0185
5.691
23.4925
12.1185
7.8545
43.741
18.281
35.4245
19.815
7.153
13.631
8.717
25.869
10.6495
5.6585
11.9425
1.6505
11.9135
7.2085
4.468
3.3355
5.31
2.7545
21.5935
8.8545
19.7205
14.713
7.87
14.4175
20.835
3.178
40.7555
5.281
23.9035
7.715
6.576
17.0145
40.12
2.9335
41.9235
5.896
18.539
34.0
4.134
37.487
8.158
10.4915
25.2165
6.661
29.7735
12.6545
4.054
23.83
16.111
27.416
23.9535
4.382
13.158
2.638
14.9995
29.752
36.22
7.009
10.461
16.6745
6.422
29.0385
2.46
4.036
13.0075
15.3955
8.9425
7.766
2.3135
6.123
4.8695
7.3535
5.142
9.606
8.3915
13.105
6.313
11.0365
5.435
6.5315
1.8325
4.3445
2.683
14.7025
9.5115
6.481
6.462
19.0115
7.1535
13.6945
16.905
6.0295
7.1905
13.261
12.416
27.244
28.347
8.402
22.251
3.0885
7.1885
29.9215
4.6595
35.8815
16.896
4.294
15.1005
13.934
4.074
18.2515
21.53
21.733
11.73
13.167
16.4
8.204
10.432
22.176
2.5975
27.1595
13.4225
24.0645
2.045
4.63
11.299
18.672
5.972
9.612
10.3315
24.562
22.6315
7.9795
4.287
6.696
4.5565
9.6715
4.519
15.747
47.0445
28.9595
19.1295
8.034
1.963
2.46
2.9045
15.133
6.1615
24.2565
34.262
30.5275
44.79
13.677
27.148
6.8935
5.663
22.5995
18.092
15.0165
7.2935
5.3905
7.584
19.667
13.6135
21.1785
21.7645
30.5675
22.4235
28.1985
20.895
24.74
11.7245
41.8885
11.5505
40.0615
28.7465
2.049
31.8965
8.4955
13.0465
43.9185
4.3565
20.7125
40.509
3.23
40.1125
16.0345
6.395
37.4435
16.652
44.7015
14.803
4.274
8.1675
35.5025
4.63
11.5495
12.069
3.5135
39.733
7.7825
26.3195
16.314
3.569
12.0145
36.32
8.5865
19.3615
27.554
5.7575
33.647
4.2965
18.6855
23.3995
1.3745
7.931
38.279
6.132
19.557
23.7595
3.3365
35.117
14.5485
36.8755
18.039
6.1715
6.122
46.9415
6.9925
22.1725
36.146
23.2995
50.091
9.8375
30.5435
13.7845
9.3425
31.618
27.584
9.2685
23.097
22.244
16.526
33.1745
5.246
29.391
9.79
3.2675
23.779
33.106
25.995
26.692
22.7745
10.1115
29.118
12.297
28.4635
10.458
3.054
24.187
20.621
17.4205
21.072
16.1655
21.641
12.903
11.9715
18.7095
2.036
4.1115
30.7995
4.577
9.6525
18.999
7.6035
10.7465
7.852
12.9525
21.335
3.613
15.037
18.7925
9.723
2.1585
9.9645
13.866
9.9185
18.122
13.2765
13.509
7.2075
6.8365
27.5455
9.242
4.461
22.8575
11.462
28.306
4.302
10.754
8.705
1.7855
8.823
25.65
3.8285
13.509
28.4235
3.684
23.224
6.8545
22.993
14.257
3.4245
24.851
30.649
3.473
17.385
24.989
2.195
26.7975
6.4295
30.6645
10.1365
4.9445
16.836
24.242
4.466
18.1375
18.4345
4.5065
18.083
10.716
11.851
10.241
17.286
31.7625
27.643
6.933
18.9375
17.1835
10.538
28.934
3.667
22.6665
16.6085
1.8615
22.105
19.8285
2.526
20.921
22.4915
5.121
27.185
~
0.048
0.089
0.2355
0.052
0.201
0.153
0.206
0.9005
3.5615
11.416
11.0205
5.78
12.631
1.229
0.3935
5.369
2.2625
1.098
5.127
3.6655
4.1365
4.2625
3.315
4.749
6.969
12.4715
8.378
10.312
2.719
5.7655
7.66
6.305
4.4495
17.8665
7.149
1.925
1.139
18.1415
20.534
8.4335
19.7455
10.616
15.3515
8.217
7.3985
26.225
26.3725
1.5925
28.162
9.938
21.4315
12.584
12.51
28.7895
12.317
21.6015
3.716
17.8205
17.1165
6.224
16.0095
21.529
7.5735
15.6185
6.7075
11.937
3.443
16.3765
22.5315
8.3165
25.8285
1.3015
20.0455
7.38
13.611
24.5475
12.99
21.735
5.969
17.325
14.5435
4.731
21.595
26.0915
7.752
12.5035
9.2915
14.2545
3.0455
19.775
27.3975
5.542
22.796
0.6685
16.367
8.1385
13.303
3.585
24.962
8.2885
41.1925
3.3635
23.771
24.587
1.79
22.9695
2.4165
8.6565
10.3005
29.955
5.89
15.1245
8.247
8.3185
7.6775
17.3175
7.274
6.943
7.6115
14.378
4.7075
3.1345
2.398
2.531
21.7815
18.083
1.858
12.7755
7.079
6.246
4.442
30.0065
39.4075
7.877
7.633
37.5635
17.4575
9.875
43.7515
23.0005
22.391
72.3595
51.247
7.8
38.3055
13.39
25.802
54.889
46.182
21.1195
11.5445
10.37
15.216
46.7455
40.1745
20.158
41.632
23.7595
57.5855
30.608
32.524
36.13
30.3935
45.0605
6.8335
14.0135
65.366
24.9575
60.09
31.671
7.67
67.301
9.878
45.395
8.6845
5.313
19.4095
28.0815
16.536
4.939
17.4045
35.3955
25.0605
3.2435
19.723
9.762
30.0465
33.344
10.3955
22.413
51.0745
9.489
16.744
4.198
38.0325
15.5485
9.2685
25.503
14.875
8.718
22.002
23.224
24.7755
4.7615
16.8695
12.6035
20.1505
15.6655
4.873
30.8545
25.8145
47.2205
8.0095
36.163
29.631
38.366
23.106
31.2425
43.434
22.701
35.124
11.238
57.9655
20.7955
10.8025
9.5205
26.1495
16.6615
11.6825
38.677
57.984
17.9675
11.5905
22.415
32.6665
54.923
11.76
36.735
30.053
30.6305
29.0535
35.5615
18.7615
5.765
26.5505
10.1215
39.2415
10.5305
12.0665
9.9435
26.195
13.2995
20.109
16.3965
5.3815
23.916
16.4895
15.608
36.748
23.4725
16.785
17.5935
41.8205
28.9255
21.105
25.911
25.8255
64.2885
21.059
49.864
8.1085
9.7695
46.058
28.622
16.9745
30.6375
24.143
19.558
9.0425
8.6
35.9335
6.333
31.0025
14.1475
7.5115
18.792
21.797
30.3835
26.164
25.609
9.795
11.338
8.644
15.847
9.5685
17.235
21.4015
21.953
7.819
2.614
36.442
19.5685
6.497
19.5915
40.681
22.4335
8.031
8.2685
28.9675
13.555
20.5395
7.0755
6.1305
19.6105
14.338
26.7835
22.297
24.968
4.002
10.9735
4.5675
5.185
9.6205
9.07
11.2675
17.7945
27.541
13.6895
14.016
12.76
20.3335
29.65
20.016
6.9785
6.536
31.821
26.174
27.9925
17.4265
17.159
7.499
21.747
10.3875
30.756
16.028
21.5635
4.5065
4.4435
6.748
7.67
5.002
20.584
23.8705
23.61
3.122
15.8205
26.003
24.739
16.1555
7.543
38.9255
25.798
21.5015
6.387
19.8435
14.4925
37.154
23.2035
14.8675
9.1825
23.12
27.1175
20.9025
17.842
9.734
6.928
39.7705
13.015
36.275
13.9445
17.035
30.7885
5.0545
3.215
17.3435
18.287
26.2845
6.461
4.349
6.417
11.1515
5.746
10.216
10.0695
11.8615
28.3425
12.3975
5.6775
26.1775
9.223
26.125
3.087
9.4325
27.3235
11.6845
8.4555
14.2825
9.939
2.142
26.662
16.7065
13.021
4.731
2.3575
12.5115
3.1945
7.113
27.5315
25.2165
9.595
10.1995
13.3955
12.9975
6.0325
7.548
15.783
4.33
9.0235
29.381
14.1505
20.69
20.1405
16.2525
17.6565
7.127
12.1455
3.893
3.4345
3.894
2.004
13.2965
2.4765
22.8875
4.653
4.3495
21.782
17.703
12.599
8.347
11.3765
15.9765
8.759
29.162
2.6315
6.1405
21.295
13.7085
19.003
9.3985
9.781
31.99
16.952
4.8945
40.023
15.8315
27.141
35.6945
5.1885
13.5955
24.9485
8.6915
19.9205
12.3155
16.0435
43.6605
1.4395
29.796
20.1785
5.7065
21.8305
3.0965
15.964
7.3435
5.874
14.625
34.467
6.6015
20.8085
18.023
11.946
11.5
4.4075
8.554
32.792
6.3025
25.663
11.0525
17.7865
25.8975
22.999
9.499
4.897
8.624
9.18
24.028
6.311
23.5075
12.6985
18.486
19.561
10.7765
4.7635
9.8845
3.867
8.437
28.392
5.5005
30.792
15.215
3.381
28.678
12.1765
6.8615
25.847
3.609
3.68
29.552
5.511
28.072
13.5295
3.633
18.309
20.6475
6.501
10.691
6.673
5.1765
18.9285
7.685
13.7645
34.3815
21.835
8.242
9.9925
4.9725
16.7585
2.438
4.0525
20.7955
4.0655
27.4595
18.4485
8.7575
26.4875
10.306
2.3375
22.491
4.53
16.0105
16.296
